240,20140101,68,41,90
240,20140102,83,56,99
240,20140103,85,56,114
240,20140104,76,56,93
240,20140105,57,18,85
240,20140106,107,65,140
240,20140107,101,87,117
240,20140108,83,64,102
240,20140109,91,65,115
240,20140110,69,42,95
240,20140111,56,22,81
240,20140112,27,-18,62
240,20140113,61,28,93
240,20140114,49,27,65
240,20140115,46,26,65
240,20140116,73,52,90
240,20140117,72,57,88
240,20140118,67,47,84
240,20140119,58,46,67
240,20140120,41,27,60
240,20140121,35,19,51
240,20140122,31,17,38
240,20140123,36,19,57
240,20140124,48,18,69
240,20140125,41,27,67
240,20140126,54,34,68
240,20140127,40,18,64
240,20140128,44,22,64
240,20140129,3,-20,32
240,20140130,2,-24,30
240,20140131,27,-33,63
240,20140201,61,43,82
240,20140202,46,25,76
240,20140203,40,8,82
240,20140204,59,26,91
240,20140205,70,41,97
240,20140206,72,55,93
240,20140207,74,42,100
240,20140208,69,44,91
240,20140209,56,37,74
240,20140210,50,15,87
240,20140211,52,16,78
240,20140212,55,23,88
240,20140213,51,21,73
240,20140214,51,19,85
240,20140215,95,61,122
240,20140216,57,9,91
240,20140217,60,4,106
240,20140218,63,42,87
240,20140219,77,45,100
240,20140220,81,47,101
240,20140221,67,47,95
240,20140222,61,33,103
240,20140223,75,36,119
240,20140224,78,41,125
240,20140225,81,54,121
240,20140226,61,35,110
240,20140227,48,27,71
240,20140228,53,14,84
240,20140301,59,45,83
240,20140302,61,15,100
240,20140303,52,15,93
240,20140304,60,22,106
240,20140305,59,16,121
240,20140306,71,16,127
240,20140307,73,36,123
240,20140308,91,-4,158
240,20140309,109,42,181
240,20140310,95,31,174
240,20140311,83,61,131
240,20140312,88,31,150
240,20140313,86,19,161
240,20140314,63,12,103
240,20140315,96,81,114
240,20140316,102,87,127
240,20140317,101,84,118
240,20140318,94,70,110
240,20140319,101,70,135
240,20140320,125,61,200
240,20140321,77,49,118
240,20140322,65,42,106
240,20140323,56,30,97
240,20140324,52,5,99
240,20140325,59,3,108
240,20140326,47,-6,88
240,20140327,85,24,138
240,20140328,107,50,168
240,20140329,117,46,189
240,20140330,135,75,199
240,20140331,146,99,201
240,20140401,128,72,189
240,20140402,129,53,190
240,20140403,144,82,214
240,20140404,121,107,140
240,20140405,121,86,170
240,20140406,132,92,161
240,20140407,148,111,206
240,20140408,90,61,132
240,20140409,103,60,137
240,20140410,116,89,146
240,20140411,103,57,155
240,20140412,97,22,150
240,20140413,103,71,134
240,20140414,87,45,116
240,20140415,68,22,111
240,20140416,88,14,148
240,20140417,107,42,174
240,20140418,80,54,118
240,20140419,106,57,154
240,20140420,155,105,212
240,20140421,122,97,154
240,20140422,131,85,175
240,20140423,140,71,202
240,20140424,144,82,195
240,20140425,166,120,231
240,20140426,136,98,179
240,20140427,117,92,153
240,20140428,131,83,159
240,20140429,129,108,157
240,20140430,115,100,155
240,20140501,127,97,173
240,20140502,99,45,129
240,20140503,84,38,135
240,20140504,88,19,127
240,20140505,129,41,185
240,20140506,144,116,177
240,20140507,135,109,169
240,20140508,126,115,146
240,20140509,126,75,166
240,20140510,117,77,154
240,20140511,108,96,130
240,20140512,110,63,148
240,20140513,105,58,147
240,20140514,101,56,145
240,20140515,105,39,154
240,20140516,127,47,185
240,20140517,148,73,208
240,20140518,169,91,221
240,20140519,187,113,242
240,20140520,198,147,258
240,20140521,179,126,216
240,20140522,178,149,226
240,20140523,164,133,204
240,20140524,159,115,200
240,20140525,156,92,206
240,20140526,164,133,220
240,20140527,159,149,185
240,20140528,133,119,153
240,20140529,105,66,119
240,20140530,127,57,174
240,20140531,135,69,195
240,20140601,137,80,180
240,20140602,141,86,199
240,20140603,153,84,205
240,20140604,150,120,183
240,20140605,127,87,166
240,20140606,164,74,220
240,20140607,199,128,280
240,20140608,193,149,243
240,20140609,219,161,270
240,20140610,191,136,243
240,20140611,166,115,202
240,20140612,172,108,225
240,20140613,172,115,217
240,20140614,157,128,189
240,20140615,152,111,194
240,20140616,150,127,184
240,20140617,150,99,187
240,20140618,156,97,201
240,20140619,141,128,169
240,20140620,137,99,177
240,20140621,155,99,204
240,20140622,149,89,196
240,20140623,159,93,205
240,20140624,161,109,213
240,20140625,146,94,182
240,20140626,166,101,211
240,20140627,169,131,209
240,20140628,165,137,202
240,20140629,156,111,189
240,20140630,139,103,181
240,20140701,148,90,196
240,20140702,152,91,203
240,20140703,189,111,245
240,20140704,220,125,298
240,20140705,193,171,225
240,20140706,183,141,241
240,20140707,174,125,214
240,20140708,150,134,167
240,20140709,156,134,175
240,20140710,213,148,273
240,20140711,197,159,246
240,20140712,187,157,238
240,20140713,188,149,228
240,20140714,178,143,212
240,20140715,173,139,224
240,20140716,197,141,257
240,20140717,220,161,272
240,20140718,250,180,311
240,20140719,264,192,337
240,20140720,213,180,255
240,20140721,194,177,213
240,20140722,225,184,268
240,20140723,235,201,278
240,20140724,221,175,266
240,20140725,190,164,232
240,20140726,204,171,250
240,20140727,198,170,245
240,20140728,195,160,242
240,20140729,207,158,258
240,20140730,177,132,225
240,20140731,195,128,252
240,20140801,199,153,257
240,20140802,212,157,281
240,20140803,197,160,249
240,20140804,183,135,226
240,20140805,187,123,240
240,20140806,181,163,212
240,20140807,195,162,240
240,20140808,191,150,234
240,20140809,189,153,228
240,20140810,186,157,215
240,20140811,178,139,217
240,20140812,164,137,209
240,20140813,170,127,215
240,20140814,164,122,201
240,20140815,158,123,201
240,20140816,163,124,187
240,20140817,160,127,178
240,20140818,142,95,181
240,20140819,130,104,162
240,20140820,125,84,161
240,20140821,137,76,185
240,20140822,133,98,164
240,20140823,123,79,170
240,20140824,129,85,175
240,20140825,131,104,161
240,20140826,141,110,169
240,20140827,148,73,210
240,20140828,167,127,208
240,20140829,172,138,215
240,20140830,166,139,203
240,20140831,149,104,194
240,20140901,156,93,213
240,20140902,174,127,217
240,20140903,172,123,218
240,20140904,180,133,230
240,20140905,185,139,243
240,20140906,176,155,200
240,20140907,171,128,214
240,20140908,147,94,198
240,20140909,152,126,177
240,20140910,144,102,194
240,20140911,162,86,209
240,20140912,166,105,213
240,20140913,172,145,216
240,20140914,165,127,210
240,20140915,172,112,227
240,20140916,186,135,244
240,20140917,190,146,250
240,20140918,194,136,257
240,20140919,186,142,238
240,20140920,179,144,232
240,20140921,159,130,189
240,20140922,141,96,179
240,20140923,136,79,182
240,20140924,136,103,171
240,20140925,149,94,175
240,20140926,163,122,200
240,20140927,156,91,212
240,20140928,163,109,214
240,20140929,163,127,200
240,20140930,157,116,189
240,20141001,162,112,202
240,20141002,161,120,186
240,20141003,156,100,215
240,20141004,155,120,206
240,20141005,131,81,166
240,20141006,136,124,150
240,20141007,125,101,151
240,20141008,128,88,158
240,20141009,146,117,182
240,20141010,136,93,181
240,20141011,118,86,147
240,20141012,128,86,165
240,20141013,144,119,180
240,20141014,123,105,139
240,20141015,137,105,178
240,20141016,143,121,181
240,20141017,146,106,189
240,20141018,174,129,222
240,20141019,169,151,198
240,20141020,150,130,174
240,20141021,118,82,143
240,20141022,104,68,138
240,20141023,125,103,145
240,20141024,119,109,125
240,20141025,121,83,152
240,20141026,126,95,154
240,20141027,128,91,167
240,20141028,91,75,108
240,20141029,114,94,136
240,20141030,128,108,157
240,20141031,131,99,161
240,20141101,144,106,182
240,20141102,142,116,168
240,20141103,121,98,139
240,20141104,87,52,110
240,20141105,65,38,93
240,20141106,54,32,78
240,20141107,78,46,95
240,20141108,98,79,123
240,20141109,99,76,130
240,20141110,95,63,126
240,20141111,92,57,129
240,20141112,94,45,121
240,20141113,84,46,129
240,20141114,98,67,120
240,20141115,95,67,108
240,20141116,86,68,100
240,20141117,96,76,120
240,20141118,81,75,89
240,20141119,81,74,88
240,20141120,71,62,79
240,20141121,57,27,80
240,20141122,83,41,121
240,20141123,106,85,132
240,20141124,73,24,118
240,20141125,51,8,88
240,20141126,51,29,63
240,20141127,74,59,90
240,20141128,65,32,92
240,20141129,30,17,55
240,20141130,24,17,32
240,20141201,15,10,22
240,20141202,12,3,23
240,20141203,-1,-26,25
240,20141204,-1,-25,14
240,20141205,37,13,54
240,20141206,44,4,89
240,20141207,45,3,75
240,20141208,47,18,80
240,20141209,33,-22,67
240,20141210,74,51,93
240,20141211,73,50,85
240,20141212,73,49,92
240,20141213,47,4,74
240,20141214,27,-6,55
240,20141215,58,38,89
240,20141216,53,16,82
240,20141217,84,45,112
240,20141218,116,100,131
240,20141219,93,72,123
240,20141220,78,60,92
240,20141221,83,35,112
240,20141222,116,109,127
240,20141223,111,102,123
240,20141224,83,58,104
240,20141225,54,16,84
240,20141226,27,-12,51
240,20141227,15,-6,30
240,20141228,7,-24,50
240,20141229,47,21,73
240,20141230,55,23,68
240,20141231,57,27,83
240,20150101,35,9,55
240,20150102,76,52,106
240,20150103,46,31,66
240,20150104,35,-9,79
240,20150105,29,0,39
240,20150106,32,7,68
240,20150107,42,11,73
240,20150108,68,42,87
240,20150109,98,59,124
240,20150110,92,52,123
240,20150111,66,49,82
240,20150112,90,77,107
240,20150113,83,52,100
240,20150114,44,21,62
240,20150115,77,50,101
240,20150116,51,20,84
240,20150117,27,-11,63
240,20150118,25,12,36
240,20150119,2,-16,19
240,20150120,6,-16,36
240,20150121,-3,-30,16
240,20150122,-8,-28,13
240,20150123,-29,-63,7
240,20150124,24,-8,69
240,20150125,45,-3,68
240,20150126,66,32,86
240,20150127,55,29,76
240,20150128,52,21,76
240,20150129,30,-1,55
240,20150130,13,-25,41
240,20150131,15,-19,50
240,20150201,29,-14,60
240,20150202,25,5,62
240,20150203,13,-20,64
240,20150204,-1,-48,60
240,20150205,-1,-40,23
240,20150206,0,-14,21
240,20150207,24,-50,64
240,20150208,51,16,74
240,20150209,59,40,72
240,20150210,58,36,72
240,20150211,43,31,53
240,20150212,36,28,45
240,20150213,55,7,99
240,20150214,69,52,95
240,20150215,25,-20,76
240,20150216,13,-36,73
240,20150217,39,-14,87
240,20150218,25,-28,86
240,20150219,37,-12,83
240,20150220,52,37,68
240,20150221,31,1,61
240,20150222,30,-18,76
240,20150223,60,32,91
240,20150224,55,17,89
240,20150225,42,-2,75
240,20150226,62,39,85
240,20150227,43,-4,79
240,20150228,52,-4,97
240,20150301,79,51,103
240,20150302,52,13,80
240,20150303,47,24,71
240,20150304,54,36,73
240,20150305,54,-3,96
240,20150306,64,24,96
240,20150307,77,36,136
240,20150308,82,23,139
240,20150309,80,23,119
240,20150310,71,9,109
240,20150311,38,-28,99
240,20150312,63,-15,131
240,20150313,48,10,87
240,20150314,42,17,56
240,20150315,57,45,67
240,20150316,68,28,114
240,20150317,83,12,154
240,20150318,55,19,75
240,20150319,77,45,127
240,20150320,49,17,86
240,20150321,65,42,101
240,20150322,45,12,83
240,20150323,34,-18,94
240,20150324,54,-5,106
240,20150325,59,35,73
240,20150326,47,-3,79
240,20150327,59,6,87
240,20150328,71,6,107
240,20150329,89,67,114
240,20150330,70,57,91
240,20150331,85,55,107
240,20150401,67,39,94
240,20150402,62,41,91
240,20150403,71,43,99
240,20150404,52,10,97
240,20150405,50,-16,111
240,20150406,75,28,125
240,20150407,65,16,117
240,20150408,83,52,142
240,20150409,105,45,163
240,20150410,113,36,192
240,20150411,89,32,135
240,20150412,97,25,157
240,20150413,79,43,119
240,20150414,107,40,179
240,20150415,127,64,207
240,20150416,96,69,126
240,20150417,85,48,123
240,20150418,88,37,145
240,20150419,82,14,139
240,20150420,111,59,163
240,20150421,99,28,163
240,20150422,84,28,113
240,20150423,96,59,150
240,20150424,118,36,188
240,20150425,120,82,150
240,20150426,98,75,116
240,20150427,74,8,128
240,20150428,67,7,115
240,20150429,84,35,142
240,20150430,90,38,135
240,20150501,85,45,131
240,20150502,96,30,151
240,20150503,124,75,167
240,20150504,149,117,185
240,20150505,153,106,223
240,20150506,121,87,156
240,20150507,119,85,153
240,20150508,139,82,190
240,20150509,128,73,162
240,20150510,126,48,186
240,20150511,168,118,250
240,20150512,141,116,169
240,20150513,118,69,167
240,20150514,113,79,153
240,20150515,93,55,144
240,20150516,110,64,149
240,20150517,117,74,158
240,20150518,107,77,137
240,20150519,106,69,145
240,20150520,100,60,145
240,20150521,122,54,160
240,20150522,144,120,194
240,20150523,121,57,160
240,20150524,122,37,179
240,20150525,120,91,149
240,20150526,118,78,156
240,20150527,133,72,182
240,20150528,129,78,159
240,20150529,113,82,147
240,20150530,115,85,146
240,20150531,123,86,157
240,20150601,126,60,164
240,20150602,144,112,169
240,20150603,140,79,177
240,20150604,155,75,211
240,20150605,205,120,310
240,20150606,149,106,177
240,20150607,133,80,176
240,20150608,126,88,170
240,20150609,117,96,142
240,20150610,151,98,208
240,20150611,176,112,232
240,20150612,207,134,266
240,20150613,165,134,197
240,20150614,144,123,173
240,20150615,130,75,175
240,20150616,124,67,168
240,20150617,160,80,225
240,20150618,136,119,160
240,20150619,133,107,168
240,20150620,131,99,167
240,20150621,146,119,188
240,20150622,130,91,175
240,20150623,127,93,149
240,20150624,160,119,213
240,20150625,180,119,228
240,20150626,202,142,247
240,20150627,170,123,208
240,20150628,177,113,233
240,20150629,182,125,228
240,20150630,206,117,264
240,20150701,261,166,330
240,20150702,244,192,302
240,20150703,238,175,289
240,20150704,239,176,309
240,20150705,197,158,277
240,20150706,183,135,219
240,20150707,197,131,253
240,20150708,159,120,195
240,20150709,136,95,179
240,20150710,172,89,233
240,20150711,201,152,274
240,20150712,180,166,199
240,20150713,179,168,200
240,20150714,178,144,213
240,20150715,174,156,202
240,20150716,191,129,235
240,20150717,212,177,253
240,20150718,178,134,214
240,20150719,161,112,207
240,20150720,179,98,212
240,20150721,199,152,243
240,20150722,190,148,229
240,20150723,174,141,215
240,20150724,189,134,230
240,20150725,150,111,182
240,20150726,148,89,211
240,20150727,169,144,200
240,20150728,158,127,189
240,20150729,145,105,175
240,20150730,139,94,181
240,20150731,139,75,195
240,20150801,158,85,211
240,20150802,182,106,240
240,20150803,208,148,283
240,20150804,179,142,210
240,20150805,191,121,249
240,20150806,199,145,267
240,20150807,194,140,247
240,20150808,184,135,223
240,20150809,191,121,248
240,20150810,195,166,236
240,20150811,199,162,243
240,20150812,192,172,217
240,20150813,216,158,269
240,20150814,212,178,253
240,20150815,179,155,216
240,20150816,157,128,184
240,20150817,145,129,156
240,20150818,151,137,174
240,20150819,171,137,224
240,20150820,188,131,255
240,20150821,204,151,251
240,20150822,214,169,265
240,20150823,201,163,262
240,20150824,177,140,226
240,20150825,168,141,201
240,20150826,196,163,250
240,20150827,158,138,183
240,20150828,159,118,206
240,20150829,174,110,230
240,20150830,197,159,238
240,20150831,203,165,250
240,20150901,157,118,190
240,20150902,140,102,187
240,20150903,129,88,168
240,20150904,139,119,159
240,20150905,137,110,170
240,20150906,132,108,168
240,20150907,143,122,182
240,20150908,143,98,172
240,20150909,141,90,186
240,20150910,148,100,196
240,20150911,146,96,194
240,20150912,158,123,198
240,20150913,163,117,191
240,20150914,141,114,188
240,20150915,121,95,154
240,20150916,150,105,189
240,20150917,140,105,158
240,20150918,136,99,177
240,20150919,137,98,177
240,20150920,140,85,185
240,20150921,146,116,187
240,20150922,128,92,178
240,20150923,133,90,172
240,20150924,130,116,151
240,20150925,125,79,172
240,20150926,118,57,173
240,20150927,123,64,173
240,20150928,123,71,172
240,20150929,126,77,174
240,20150930,131,85,175
240,20151001,120,70,166
240,20151002,118,50,169
240,20151003,118,69,178
240,20151004,112,73,174
240,20151005,131,76,170
240,20151006,155,132,188
240,20151007,148,137,163
240,20151008,133,108,158
240,20151009,121,75,165
240,20151010,116,67,145
240,20151011,73,42,116
240,20151012,54,14,101
240,20151013,64,44,81
240,20151014,65,43,90
240,20151015,72,43,89
240,20151016,84,70,100
240,20151017,90,74,102
240,20151018,91,25,118
240,20151019,110,61,137
240,20151020,97,61,132
240,20151021,102,52,121
240,20151022,121,77,152
240,20151023,115,77,140
240,20151024,117,99,135
240,20151025,97,46,138
240,20151026,110,63,161
240,20151027,115,71,171
240,20151028,108,61,133
240,20151029,108,76,155
240,20151030,104,74,151
240,20151031,97,60,147
240,20151101,74,36,127
240,20151102,86,46,154
240,20151103,97,29,156
240,20151104,121,88,146
240,20151105,131,107,151
240,20151106,152,139,171
240,20151107,159,138,182
240,20151108,128,65,174
240,20151109,136,124,160
240,20151110,146,136,157
240,20151111,130,121,139
240,20151112,133,114,157
240,20151113,113,68,137
240,20151114,101,84,141
240,20151115,143,131,149
240,20151116,126,109,137
240,20151117,133,104,155
240,20151118,128,103,143
240,20151119,113,88,133
240,20151120,80,36,101
240,20151121,50,26,73
240,20151122,27,3,59
240,20151123,35,-15,75
240,20151124,49,36,70
240,20151125,64,30,83
240,20151126,50,18,97
240,20151127,57,31,73
240,20151128,70,53,85
240,20151129,105,77,125
240,20151130,93,66,123
240,20151201,98,60,128
240,20151202,106,94,120
240,20151203,95,83,110
240,20151204,95,79,110
240,20151205,81,74,93
240,20151206,107,80,125
240,20151207,107,93,122
240,20151208,96,79,113
240,20151209,77,53,101
240,20151210,65,55,76
240,20151211,77,61,98
240,20151212,82,39,121
240,20151213,70,45,117
240,20151214,72,48,98
240,20151215,72,44,94
240,20151216,116,91,134
240,20151217,128,110,144
240,20151218,114,96,131
240,20151219,121,95,136
240,20151220,114,95,125
240,20151221,99,80,122
240,20151222,123,78,137
240,20151223,100,71,127
240,20151224,94,66,127
240,20151225,92,45,138
240,20151226,129,110,148
240,20151227,118,105,134
240,20151228,91,66,116
240,20151229,76,54,98
240,20151230,74,59,94
240,20151231,76,51,99
240,20160101,52,11,80
240,20160102,56,46,65
240,20160103,70,53,85
240,20160104,59,43,72
240,20160105,66,44,77
240,20160106,26,18,44
240,20160107,60,28,83
240,20160108,56,7,90
240,20160109,55,8,74
240,20160110,65,44,86
240,20160111,50,24,72
240,20160112,65,51,83
240,20160113,47,14,72
240,20160114,35,15,59
240,20160115,22,-15,43
240,20160116,30,-3,59
240,20160117,-8,-46,25
240,20160118,-29,-61,-2
240,20160119,-16,-63,23
240,20160120,20,-33,52
240,20160121,-10,-43,10
240,20160122,13,-20,73
240,20160123,72,33,100
240,20160124,80,51,112
240,20160125,104,81,133
240,20160126,88,41,111
240,20160127,107,83,117
240,20160128,64,43,86
240,20160129,92,60,109
240,20160130,74,50,97
240,20160131,71,45,104
240,20160201,113,103,122
240,20160202,87,64,108
240,20160203,51,25,74
240,20160204,57,25,79
240,20160205,88,51,108
240,20160206,94,84,104
240,20160207,83,61,117
240,20160208,85,66,99
240,20160209,56,39,79
240,20160210,52,26,78
240,20160211,40,-2,85
240,20160212,24,-13,59
240,20160213,17,-17,40
240,20160214,24,9,32
240,20160215,27,-26,62
240,20160216,2,-54,59
240,20160217,-10,-48,29
240,20160218,10,-29,27
240,20160219,37,-21,87
240,20160220,83,50,106
240,20160221,104,85,118
240,20160222,66,22,107
240,20160223,40,6,84
240,20160224,21,-12,70
240,20160225,17,-15,60
240,20160226,18,-5,54
240,20160227,27,-7,61
240,20160228,28,-10,65
240,20160229,23,-20,68
240,20160301,30,-37,87
240,20160302,52,10,87
240,20160303,36,1,85
240,20160304,17,-21,33
240,20160305,21,-37,75
240,20160306,26,-18,72
240,20160307,29,-4,71
240,20160308,38,-3,78
240,20160309,51,25,82
240,20160310,43,-8,87
240,20160311,29,6,55
240,20160312,37,-15,97
240,20160313,39,-10,86
240,20160314,41,-4,91
240,20160315,52,-9,86
240,20160316,49,11,96
240,20160317,60,14,110
240,20160318,56,28,72
240,20160319,64,52,83
240,20160320,67,44,96
240,20160321,71,57,91
240,20160322,76,46,104
240,20160323,77,64,102
240,20160324,79,61,109
240,20160325,66,9,101
240,20160326,94,4,149
240,20160327,85,62,134
240,20160328,92,71,121
240,20160329,82,59,118
240,20160330,80,52,110
240,20160331,78,46,122
240,20160401,82,23,134
240,20160402,106,74,129
240,20160403,145,120,192
240,20160404,125,96,150
240,20160405,99,54,124
240,20160406,83,47,116
240,20160407,77,62,101
240,20160408,77,28,126
240,20160409,98,36,153
240,20160410,103,59,139
240,20160411,136,84,185
240,20160412,114,68,164
240,20160413,103,52,158
240,20160414,111,47,166
240,20160415,102,83,132
240,20160416,80,42,113
240,20160417,64,25,119
240,20160418,90,26,127
240,20160419,93,40,134
240,20160420,81,18,127
240,20160421,96,36,148
240,20160422,86,58,119
240,20160423,63,27,102
240,20160424,44,14,86
240,20160425,49,9,88
240,20160426,52,27,80
240,20160427,58,29,99
240,20160428,53,4,89
240,20160429,77,46,116
240,20160430,73,19,110
240,20160501,80,8,141
240,20160502,112,22,172
240,20160503,95,55,131
240,20160504,106,32,162
240,20160505,135,57,188
240,20160506,171,101,233
240,20160507,201,110,260
240,20160508,208,154,257
240,20160509,205,153,251
240,20160510,190,158,222
240,20160511,202,158,254
240,20160512,201,153,251
240,20160513,149,83,209
240,20160514,86,67,122
240,20160515,84,50,122
240,20160516,93,48,135
240,20160517,124,76,173
240,20160518,129,81,179
240,20160519,133,100,174
240,20160520,137,109,175
240,20160521,174,109,228
240,20160522,147,122,187
240,20160523,119,103,136
240,20160524,113,97,145
240,20160525,116,81,146
240,20160526,136,69,182
240,20160527,157,111,201
240,20160528,177,118,229
240,20160529,171,146,204
240,20160530,161,144,198
240,20160531,190,152,228
240,20160601,188,141,244
240,20160602,138,123,154
240,20160603,152,125,193
240,20160604,205,116,270
240,20160605,190,128,244
240,20160606,181,125,238
240,20160607,194,148,248
240,20160608,157,125,207
240,20160609,145,108,193
240,20160610,160,109,203
240,20160611,159,123,199
240,20160612,171,138,219
240,20160613,156,140,187
240,20160614,152,117,186
240,20160615,142,111,174
240,20160616,159,111,203
240,20160617,154,116,198
240,20160618,139,107,176
240,20160619,155,120,196
240,20160620,155,138,165
240,20160621,165,126,209
240,20160622,198,123,250
240,20160623,210,179,271
240,20160624,185,130,216
240,20160625,154,118,189
240,20160626,158,119,193
240,20160627,155,124,184
240,20160628,161,98,210
240,20160629,160,129,210
240,20160630,161,143,190
240,20160701,163,142,179
240,20160702,155,122,182
240,20160703,154,103,194
240,20160704,174,100,229
240,20160705,154,122,178
240,20160706,149,98,189
240,20160707,170,103,221
240,20160708,172,140,214
240,20160709,192,136,237
240,20160710,202,156,255
240,20160711,185,160,218
240,20160712,173,121,218
240,20160713,152,112,194
240,20160714,149,101,190
240,20160715,168,108,212
240,20160716,194,173,219
240,20160717,193,153,231
240,20160718,200,141,250
240,20160719,227,129,289
240,20160720,247,180,330
240,20160721,206,173,254
240,20160722,212,173,258
240,20160723,212,181,256
240,20160724,204,166,246
240,20160725,185,140,222
240,20160726,192,138,239
240,20160727,180,161,210
240,20160728,186,148,224
240,20160729,186,158,212
240,20160730,184,162,223
240,20160731,166,132,202
240,20160801,170,139,206
240,20160802,168,134,186
240,20160803,192,174,216
240,20160804,182,145,213
240,20160805,173,139,212
240,20160806,170,130,217
240,20160807,187,132,235
240,20160808,173,128,199
240,20160809,143,113,183
240,20160810,130,88,175
240,20160811,147,91,170
240,20160812,186,155,219
240,20160813,178,147,205
240,20160814,169,113,213
240,20160815,166,100,215
240,20160816,169,127,208
240,20160817,178,128,227
240,20160818,179,113,229
240,20160819,184,115,240
240,20160820,181,147,225
240,20160821,170,137,203
240,20160822,183,159,218
240,20160823,213,153,270
240,20160824,239,173,304
240,20160825,247,171,309
240,20160826,209,173,242
240,20160827,211,170,250
240,20160828,202,179,230
240,20160829,172,120,211
240,20160830,172,109,230
240,20160831,184,111,246
240,20160901,180,129,222
240,20160902,174,126,214
240,20160903,187,163,222
240,20160904,181,161,208
240,20160905,175,135,218
240,20160906,186,144,228
240,20160907,200,141,261
240,20160908,200,144,270
240,20160909,180,127,229
240,20160910,195,131,255
240,20160911,191,161,217
240,20160912,218,179,276
240,20160913,242,182,305
240,20160914,237,185,310
240,20160915,220,168,276
240,20160916,178,152,212
240,20160917,175,143,214
240,20160918,173,148,205
240,20160919,161,131,194
240,20160920,157,111,200
240,20160921,159,103,209
240,20160922,158,104,208
240,20160923,146,94,194
240,20160924,163,100,234
240,20160925,161,116,231
240,20160926,143,96,186
240,20160927,151,77,208
240,20160928,183,158,210
240,20160929,158,134,178
240,20160930,141,108,186
240,20161001,131,89,186
240,20161002,124,96,150
240,20161003,147,121,189
240,20161004,134,103,176
240,20161005,105,73,139
240,20161006,105,53,136
240,20161007,125,110,149
240,20161008,113,64,148
240,20161009,90,36,150
240,20161010,88,51,136
240,20161011,93,25,137
240,20161012,94,75,111
240,20161013,91,79,108
240,20161014,98,75,124
240,20161015,110,90,142
240,20161016,134,94,190
240,20161017,127,87,167
240,20161018,104,77,129
240,20161019,99,62,131
240,20161020,96,65,130
240,20161021,82,19,141
240,20161022,69,21,104
240,20161023,58,5,120
240,20161024,78,48,92
240,20161025,90,77,102
240,20161026,101,45,134
240,20161027,118,79,148
240,20161028,132,82,155
240,20161029,98,53,156
240,20161030,94,55,144
240,20161031,97,45,159
240,20161101,92,56,147
240,20161102,74,33,121
240,20161103,74,28,120
240,20161104,79,68,98
240,20161105,74,42,111
240,20161106,68,26,103
240,20161107,49,8,69
240,20161108,16,-24,46
240,20161109,32,6,44
240,20161110,42,25,52
240,20161111,26,-21,61
240,20161112,24,-18,52
240,20161113,36,-3,53
240,20161114,37,-12,76
240,20161115,112,76,134
240,20161116,120,92,141
240,20161117,91,68,113
240,20161118,62,30,88
240,20161119,55,42,87
240,20161120,77,47,107
240,20161121,116,73,138
240,20161122,102,53,130
240,20161123,83,48,107
240,20161124,69,39,88
240,20161125,44,8,71
240,20161126,24,-24,73
240,20161127,69,27,97
240,20161128,10,-23,48
240,20161129,-14,-56,44
240,20161130,36,-50,96
240,20161201,91,61,102
240,20161202,63,-6,96
240,20161203,16,-26,79
240,20161204,-5,-38,42
240,20161205,-10,-49,40
240,20161206,11,-41,54
240,20161207,61,29,90
240,20161208,79,56,112
270,20140101,64,45,85
270,20140102,78,55,102
270,20140103,77,53,102
270,20140104,70,56,84
270,20140105,52,33,71
270,20140106,95,48,127
270,20140107,91,78,104
270,20140108,80,61,96
270,20140109,82,59,108
270,20140110,66,43,84
270,20140111,59,47,73
270,20140112,33,4,68
270,20140113,53,14,90
270,20140114,47,25,66
270,20140115,45,31,56
270,20140116,68,48,80
270,20140117,68,48,84
270,20140118,67,47,83
270,20140119,52,36,66
270,20140120,17,9,41
270,20140121,14,4,21
270,20140122,27,20,37
270,20140123,25,12,36
270,20140124,6,-17,35
270,20140125,7,-18,30
270,20140126,7,-14,57
270,20140127,33,13,42
270,20140128,43,10,69
270,20140129,-17,-36,10
270,20140130,-18,-44,1
270,20140131,6,-37,51
270,20140201,51,37,72
270,20140202,46,30,71
270,20140203,36,7,77
270,20140204,50,22,81
270,20140205,62,28,89
270,20140206,69,57,81
270,20140207,70,39,93
270,20140208,61,41,79
270,20140209,53,37,62
270,20140210,39,15,67
270,20140211,39,1,73
270,20140212,49,17,80
270,20140213,42,18,69
270,20140214,49,18,74
270,20140215,87,55,106
270,20140216,55,20,74
270,20140217,45,8,81
270,20140218,58,42,83
270,20140219,66,45,92
270,20140220,76,46,94
270,20140221,62,52,85
270,20140222,58,42,93
270,20140223,71,38,102
270,20140224,77,44,116
270,20140225,82,59,110
270,20140226,62,36,102
270,20140227,49,26,84
270,20140228,44,22,80
270,20140301,43,14,76
270,20140302,54,8,92
270,20140303,49,29,72
270,20140304,61,8,113
270,20140305,58,18,109
270,20140306,71,16,115
270,20140307,69,14,107
270,20140308,79,-20,144
270,20140309,104,50,166
270,20140310,80,30,146
270,20140311,65,26,116
270,20140312,62,-12,145
270,20140313,53,-12,124
270,20140314,64,47,90
270,20140315,87,71,102
270,20140316,94,82,110
270,20140317,94,81,112
270,20140318,90,76,121
270,20140319,93,78,118
270,20140320,118,71,187
270,20140321,71,42,103
270,20140322,59,37,97
270,20140323,58,18,88
270,20140324,46,-2,93
270,20140325,38,-29,95
270,20140326,51,2,89
270,20140327,70,32,123
270,20140328,81,29,148
270,20140329,103,45,180
270,20140330,113,54,187
270,20140331,97,66,158
270,20140401,104,52,175
270,20140402,82,36,157
270,20140403,104,58,166
270,20140404,113,101,129
270,20140405,115,82,157
270,20140406,123,90,143
270,20140407,141,115,185
270,20140408,89,66,128
270,20140409,93,66,122
270,20140410,97,45,142
270,20140411,85,34,137
270,20140412,85,20,139
270,20140413,95,70,117
270,20140414,79,55,105
270,20140415,62,11,98
270,20140416,77,-6,140
270,20140417,97,53,160
270,20140418,79,58,111
270,20140419,93,42,144
270,20140420,139,85,201
270,20140421,114,87,145
270,20140422,124,75,179
270,20140423,117,30,194
270,20140424,139,98,194
270,20140425,150,101,201
270,20140426,140,112,179
270,20140427,117,91,157
270,20140428,120,98,170
270,20140429,138,106,197
270,20140430,134,103,190
270,20140501,102,88,120
270,20140502,84,40,115
270,20140503,74,14,112
270,20140504,93,68,119
270,20140505,130,88,171
270,20140506,133,101,170
270,20140507,123,90,152
270,20140508,113,103,122
270,20140509,118,92,148
270,20140510,114,82,139
270,20140511,111,100,128
270,20140512,105,80,130
270,20140513,101,71,131
270,20140514,96,49,128
270,20140515,92,41,136
270,20140516,109,39,162
270,20140517,131,57,195
270,20140518,149,82,207
270,20140519,159,87,208
270,20140520,197,142,266
270,20140521,182,136,217
270,20140522,185,152,220
270,20140523,147,108,178
270,20140524,147,92,198
270,20140525,149,86,194
270,20140526,162,116,215
270,20140527,154,119,201
270,20140528,108,98,119
270,20140529,115,84,151
270,20140530,123,62,168
270,20140531,124,65,169
270,20140601,118,66,165
270,20140602,131,52,189
270,20140603,152,103,208
270,20140604,156,122,204
270,20140605,129,105,169
270,20140606,153,103,202
270,20140607,191,104,246
270,20140608,179,133,234
270,20140609,205,129,258
270,20140610,198,147,247
270,20140611,167,120,206
270,20140612,166,110,215
270,20140613,164,128,201
270,20140614,149,122,178
270,20140615,150,131,182
270,20140616,145,128,172
270,20140617,148,111,176
270,20140618,147,135,170
270,20140619,141,120,167
270,20140620,142,119,169
270,20140621,145,114,176
270,20140622,142,108,168
270,20140623,152,121,190
270,20140624,138,109,174
270,20140625,144,111,187
270,20140626,158,116,201
270,20140627,161,128,192
270,20140628,159,120,197
270,20140629,151,115,180
270,20140630,140,101,176
270,20140701,141,99,179
270,20140702,148,104,185
270,20140703,182,110,231
270,20140704,217,144,279
270,20140705,191,151,230
270,20140706,190,146,246
270,20140707,177,141,221
270,20140708,157,129,179
270,20140709,174,137,216
270,20140710,206,142,254
270,20140711,212,147,275
270,20140712,196,119,244
270,20140713,184,125,231
270,20140714,174,140,198
270,20140715,170,115,215
270,20140716,174,96,231
270,20140717,199,159,248
270,20140718,219,156,275
270,20140719,274,192,334
270,20140720,229,189,269
270,20140721,197,179,208
270,20140722,213,173,250
270,20140723,217,170,264
270,20140724,213,161,261
270,20140725,190,163,213
270,20140726,207,177,245
270,20140727,199,156,236
270,20140728,197,154,235
270,20140729,199,153,236
270,20140730,178,132,221
270,20140731,192,128,243
270,20140801,206,143,261
270,20140802,213,148,288
270,20140803,194,156,228
270,20140804,185,137,231
270,20140805,178,121,229
270,20140806,189,149,248
270,20140807,186,128,233
270,20140808,187,108,231
270,20140809,186,158,215
270,20140810,184,159,221
270,20140811,172,133,208
270,20140812,157,121,195
270,20140813,160,129,198
270,20140814,161,119,200
270,20140815,155,119,196
270,20140816,152,114,183
270,20140817,153,127,168
270,20140818,144,105,176
270,20140819,123,103,155
270,20140820,123,88,171
270,20140821,131,79,174
270,20140822,128,89,159
270,20140823,121,83,162
270,20140824,119,79,169
270,20140825,130,75,170
270,20140826,133,87,182
270,20140827,150,94,199
270,20140828,172,125,219
270,20140829,171,146,204
270,20140830,167,132,205
270,20140831,146,106,186
270,20140901,147,98,190
270,20140902,151,85,200
270,20140903,158,84,213
270,20140904,176,126,232
270,20140905,187,140,241
270,20140906,173,140,204
270,20140907,161,103,206
270,20140908,143,81,189
270,20140909,147,123,165
270,20140910,149,117,169
270,20140911,154,109,194
270,20140912,154,85,202
270,20140913,163,130,203
270,20140914,152,102,196
270,20140915,169,106,204
270,20140916,193,159,236
270,20140917,191,148,242
270,20140918,184,135,251
270,20140919,174,106,236
270,20140920,169,129,210
270,20140921,152,132,177
270,20140922,131,93,168
270,20140923,131,75,171
270,20140924,131,111,151
270,20140925,143,111,167
270,20140926,156,92,181
270,20140927,140,67,191
270,20140928,153,107,201
270,20140929,157,94,198
270,20140930,160,124,191
270,20141001,159,126,190
270,20141002,153,124,183
270,20141003,162,126,204
270,20141004,161,122,209
270,20141005,133,108,149
270,20141006,139,124,149
270,20141007,126,100,149
270,20141008,124,89,151
270,20141009,144,130,167
270,20141010,139,111,172
270,20141011,122,98,170
270,20141012,121,83,165
270,20141013,142,119,176
270,20141014,120,97,136
270,20141015,131,90,165
270,20141016,129,107,165
270,20141017,142,106,183
270,20141018,163,126,198
270,20141019,165,152,177
270,20141020,141,121,160
270,20141021,118,85,133
270,20141022,106,81,133
270,20141023,122,102,144
270,20141024,114,106,125
270,20141025,118,86,154
270,20141026,125,95,142
270,20141027,123,100,154
270,20141028,100,83,138
270,20141029,100,62,128
270,20141030,105,40,132
270,20141031,127,104,157
270,20141101,140,108,169
270,20141102,140,120,159
270,20141103,123,101,142
270,20141104,92,49,112
270,20141105,61,21,105
270,20141106,59,19,102
270,20141107,73,45,89
270,20141108,97,80,120
270,20141109,95,80,117
270,20141110,92,68,119
270,20141111,90,54,123
270,20141112,96,65,121
270,20141113,87,44,126
270,20141114,96,75,112
270,20141115,96,86,104
270,20141116,90,82,100
270,20141117,91,70,117
270,20141118,71,41,89
270,20141119,66,20,90
270,20141120,62,32,90
270,20141121,37,-20,74
270,20141122,69,39,93
270,20141123,101,83,126
270,20141124,71,21,109
270,20141125,51,8,95
270,20141126,44,37,54
270,20141127,50,39,60
270,20141128,37,22,54
270,20141129,15,8,23
270,20141130,13,5,21
270,20141201,1,-9,10
270,20141202,-2,-12,7
270,20141203,1,-20,17
270,20141204,0,-20,9
270,20141205,29,6,41
270,20141206,34,-4,86
270,20141207,42,5,69
270,20141208,35,-3,71
270,20141209,26,-14,51
270,20141210,62,43,79
270,20141211,57,26,72
270,20141212,64,43,88
270,20141213,36,1,76
270,20141214,28,-3,51
270,20141215,50,33,79
270,20141216,41,10,76
270,20141217,69,27,96
270,20141218,104,86,115
270,20141219,86,71,113
270,20141220,70,42,82
270,20141221,77,54,100
270,20141222,109,99,117
270,20141223,104,92,108
270,20141224,80,59,98
270,20141225,50,6,74
270,20141226,12,-35,42
270,20141227,8,-12,24
270,20141228,12,-42,51
270,20141229,44,28,59
270,20141230,58,39,64
270,20141231,56,19,75
270,20150101,39,28,49
270,20150102,72,44,102
270,20150103,54,45,65
270,20150104,43,5,76
270,20150105,37,11,55
270,20150106,39,25,64
270,20150107,43,7,68
270,20150108,64,39,83
270,20150109,84,51,110
270,20150110,88,52,115
270,20150111,62,41,72
270,20150112,78,51,93
270,20150113,68,26,99
270,20150114,36,14,51
270,20150115,69,42,85
270,20150116,52,28,69
270,20150117,25,-5,56
270,20150118,22,11,31
270,20150119,8,-14,39
270,20150120,7,-5,17
270,20150121,-4,-24,8
270,20150122,-10,-29,18
270,20150123,-17,-43,16
270,20150124,22,-15,47
270,20150125,32,12,52
270,20150126,52,35,73
270,20150127,49,20,69
270,20150128,47,29,57
270,20150129,21,1,41
270,20150130,9,-29,46
270,20150131,15,-12,50
270,20150201,14,-10,44
270,20150202,21,-8,51
270,20150203,13,-21,53
270,20150204,3,-37,33
270,20150205,-11,-47,13
270,20150206,-19,-55,13
270,20150207,31,-50,56
270,20150208,51,38,66
270,20150209,60,52,71
270,20150210,57,48,69
270,20150211,41,31,51
270,20150212,27,18,34
270,20150213,45,14,79
270,20150214,60,38,97
270,20150215,13,-31,48
270,20150216,11,-40,52
270,20150217,27,-9,76
270,20150218,30,-3,77
270,20150219,31,7,65
270,20150220,43,27,63
270,20150221,32,11,57
270,20150222,30,-3,67
270,20150223,51,13,82
270,20150224,50,30,76
270,20150225,37,15,57
270,20150226,53,6,78
270,20150227,41,3,71
270,20150228,47,1,76
270,20150301,70,53,88
270,20150302,49,7,73
270,20150303,32,6,55
270,20150304,49,26,73
270,20150305,54,16,82
270,20150306,64,39,91
270,20150307,74,43,110
270,20150308,77,47,120
270,20150309,71,12,106
270,20150310,64,7,95
270,20150311,42,-17,102
270,20150312,64,5,116
270,20150313,34,7,67
270,20150314,43,9,56
270,20150315,54,29,87
270,20150316,74,37,127
270,20150317,76,3,147
270,20150318,57,-3,111
270,20150319,64,25,102
270,20150320,48,40,63
270,20150321,59,36,85
270,20150322,39,12,74
270,20150323,39,-10,79
270,20150324,61,23,100
270,20150325,53,45,63
270,20150326,50,16,73
270,20150327,60,18,77
270,20150328,65,11,95
270,20150329,80,58,100
270,20150330,64,43,83
270,20150331,73,43,100
270,20150401,56,22,79
270,20150402,52,6,79
270,20150403,53,11,97
270,20150404,42,-6,82
270,20150405,53,-10,92
270,20150406,70,15,116
270,20150407,57,10,86
270,20150408,77,49,113
270,20150409,90,38,149
270,20150410,105,31,165
270,20150411,91,51,135
270,20150412,90,46,132
270,20150413,75,45,109
270,20150414,103,58,139
270,20150415,106,63,163
270,20150416,74,28,116
270,20150417,63,21,104
270,20150418,72,26,114
270,20150419,80,30,124
270,20150420,82,24,140
270,20150421,70,18,118
270,20150422,82,52,106
270,20150423,77,35,117
270,20150424,99,4,159
270,20150425,109,85,134
270,20150426,71,20,100
270,20150427,53,5,99
270,20150428,54,-8,107
270,20150429,79,38,133
270,20150430,82,42,124
270,20150501,72,26,107
270,20150502,70,13,116
270,20150503,109,45,161
270,20150504,133,104,168
270,20150505,147,87,218
270,20150506,115,89,150
270,20150507,101,64,133
270,20150508,125,76,168
270,20150509,120,89,146
270,20150510,126,81,168
270,20150511,158,110,231
270,20150512,127,92,164
270,20150513,112,79,145
270,20150514,86,29,111
270,20150515,76,17,112
270,20150516,97,41,138
270,20150517,109,76,142
270,20150518,105,83,127
270,20150519,98,58,135
270,20150520,98,60,136
270,20150521,117,88,159
270,20150522,142,102,181
270,20150523,107,84,129
270,20150524,119,69,166
270,20150525,107,80,134
270,20150526,101,84,130
270,20150527,122,82,165
270,20150528,117,66,147
270,20150529,105,73,143
270,20150530,98,54,134
270,20150531,114,80,147
270,20150601,118,64,153
270,20150602,138,113,163
270,20150603,126,68,158
270,20150604,134,44,197
270,20150605,194,114,294
270,20150606,144,110,169
270,20150607,122,71,158
270,20150608,109,56,142
270,20150609,107,75,132
270,20150610,132,91,171
270,20150611,140,79,197
270,20150612,183,111,247
270,20150613,160,128,201
270,20150614,125,72,149
270,20150615,107,56,150
270,20150616,112,62,158
270,20150617,146,75,197
270,20150618,131,116,156
270,20150619,122,102,159
270,20150620,126,87,154
270,20150621,133,103,188
270,20150622,119,83,163
270,20150623,117,82,143
270,20150624,141,111,194
270,20150625,169,120,221
270,20150626,180,128,219
270,20150627,161,109,196
270,20150628,158,101,201
270,20150629,166,113,213
270,20150630,184,98,241
270,20150701,240,140,304
270,20150702,247,189,340
270,20150703,215,168,254
270,20150704,230,176,307
270,20150705,192,156,242
270,20150706,174,132,205
270,20150707,194,134,249
270,20150708,156,125,187
270,20150709,132,90,164
270,20150710,161,90,203
270,20150711,191,143,262
270,20150712,170,145,195
270,20150713,171,146,192
270,20150714,165,128,182
270,20150715,163,113,196
270,20150716,173,141,204
270,20150717,193,141,236
270,20150718,169,129,198
270,20150719,146,105,187
270,20150720,174,96,227
270,20150721,189,142,225
270,20150722,179,143,219
270,20150723,158,103,194
270,20150724,171,102,208
270,20150725,158,126,205
270,20150726,149,110,200
270,20150727,156,132,175
270,20150728,155,134,182
270,20150729,135,109,158
270,20150730,138,113,167
270,20150731,137,101,178
270,20150801,152,99,199
270,20150802,178,120,228
270,20150803,206,150,290
270,20150804,169,135,196
270,20150805,184,127,232
270,20150806,199,142,274
270,20150807,183,112,239
270,20150808,160,88,193
270,20150809,175,87,239
270,20150810,195,161,237
270,20150811,185,149,224
270,20150812,170,134,204
270,20150813,201,135,252
270,20150814,206,174,252
270,20150815,186,164,217
270,20150816,154,135,173
270,20150817,167,142,183
270,20150818,161,135,181
270,20150819,165,129,213
270,20150820,191,137,239
270,20150821,201,154,250
270,20150822,208,166,258
270,20150823,203,144,250
270,20150824,176,143,225
270,20150825,166,137,190
270,20150826,188,153,227
270,20150827,159,132,178
270,20150828,158,123,199
270,20150829,163,127,208
270,20150830,179,143,220
270,20150831,187,164,233
270,20150901,156,133,178
270,20150902,141,102,176
270,20150903,126,104,157
270,20150904,143,121,173
270,20150905,134,108,163
270,20150906,131,111,162
270,20150907,144,128,169
270,20150908,136,104,166
270,20150909,133,70,179
270,20150910,135,88,183
270,20150911,140,99,187
270,20150912,150,107,189
270,20150913,167,143,190
270,20150914,150,110,188
270,20150915,124,96,156
270,20150916,144,109,177
270,20150917,143,111,160
270,20150918,141,105,183
270,20150919,130,85,174
270,20150920,139,103,175
270,20150921,144,122,173
270,20150922,125,73,162
270,20150923,121,52,181
270,20150924,128,98,149
270,20150925,118,69,170
270,20150926,106,61,164
270,20150927,105,47,165
270,20150928,109,49,163
270,20150929,110,51,169
270,20150930,117,70,173
270,20151001,105,46,166
270,20151002,105,26,172
270,20151003,116,75,169
270,20151004,118,71,169
270,20151005,131,59,169
270,20151006,141,119,159
270,20151007,154,139,173
270,20151008,137,120,160
270,20151009,124,102,150
270,20151010,96,49,138
270,20151011,59,25,104
270,20151012,46,13,86
270,20151013,60,21,97
270,20151014,66,48,83
270,20151015,65,6,96
270,20151016,83,66,101
270,20151017,89,65,104
270,20151018,102,61,132
270,20151019,103,51,141
270,20151020,92,57,127
270,20151021,99,72,122
270,20151022,117,70,144
270,20151023,102,61,141
270,20151024,112,99,125
270,20151025,94,37,132
270,20151026,99,60,151
270,20151027,83,65,102
270,20151028,82,61,97
270,20151029,105,87,124
270,20151030,104,78,130
270,20151031,90,59,127
270,20151101,76,41,104
270,20151102,72,58,91
270,20151103,91,41,144
270,20151104,115,81,139
270,20151105,128,114,139
270,20151106,142,135,156
270,20151107,148,116,171
270,20151108,121,74,153
270,20151109,124,99,151
270,20151110,146,140,155
270,20151111,134,126,141
270,20151112,123,106,145
270,20151113,107,51,131
270,20151114,91,60,121
270,20151115,135,120,144
270,20151116,117,91,136
270,20151117,119,94,148
270,20151118,118,98,130
270,20151119,107,80,124
270,20151120,75,44,101
270,20151121,42,18,72
270,20151122,39,11,65
270,20151123,37,-11,65
270,20151124,49,38,60
270,20151125,61,45,83
270,20151126,50,22,94
270,20151127,60,44,68
270,20151128,66,53,91
270,20151129,93,66,115
270,20151130,77,53,113
270,20151201,82,40,117
270,20151202,99,86,113
270,20151203,90,82,105
270,20151204,87,77,97
270,20151205,83,74,97
270,20151206,102,78,121
270,20151207,100,88,110
270,20151208,94,75,118
270,20151209,76,64,91
270,20151210,66,57,75
270,20151211,75,62,88
270,20151212,76,49,111
270,20151213,60,24,96
270,20151214,66,51,82
270,20151215,59,23,85
270,20151216,98,66,118
270,20151217,118,112,126
270,20151218,107,96,118
270,20151219,115,94,128
270,20151220,110,103,120
270,20151221,94,76,115
270,20151222,114,80,132
270,20151223,93,64,116
270,20151224,88,68,117
270,20151225,81,34,129
270,20151226,123,107,133
270,20151227,100,86,117
270,20151228,100,84,109
270,20151229,75,59,86
270,20151230,70,55,88
270,20151231,69,50,96
270,20160101,50,3,90
270,20160102,34,21,45
270,20160103,11,-2,21
270,20160104,-18,-32,13
270,20160105,-21,-33,-12
270,20160106,-34,-42,-26
270,20160107,10,-26,65
270,20160108,55,21,83
270,20160109,42,9,62
270,20160110,57,37,73
270,20160111,42,28,58
270,20160112,53,31,76
270,20160113,41,14,71
270,20160114,24,6,53
270,20160115,20,-7,46
270,20160116,21,-5,47
270,20160117,-4,-39,32
270,20160118,-26,-43,-5
270,20160119,-5,-45,25
270,20160120,9,-38,46
270,20160121,-16,-46,0
270,20160122,0,-26,33
270,20160123,59,33,89
270,20160124,68,45,96
270,20160125,98,69,131
270,20160126,75,47,96
270,20160127,101,78,116
270,20160128,60,43,78
270,20160129,89,53,103
270,20160130,67,28,93
270,20160131,56,41,71
270,20160201,97,66,107
270,20160202,78,63,91
270,20160203,50,34,65
270,20160204,50,39,64
270,20160205,75,46,96
270,20160206,89,83,100
270,20160207,80,63,103
270,20160208,76,58,88
270,20160209,54,26,75
270,20160210,52,20,77
270,20160211,37,0,75
270,20160212,13,-7,42
270,20160213,9,-13,33
270,20160214,29,16,34
270,20160215,20,-15,54
270,20160216,8,-36,55
270,20160217,-9,-37,26
270,20160218,4,-30,19
270,20160219,25,-32,67
270,20160220,68,44,86
270,20160221,91,67,108
270,20160222,58,29,99
270,20160223,39,3,74
270,20160224,20,-10,60
270,20160225,15,-17,56
270,20160226,18,-25,61
270,20160227,9,-41,66
270,20160228,27,-43,70
270,20160229,22,-37,70
270,20160301,17,-33,73
270,20160302,46,14,77
270,20160303,26,1,67
270,20160304,18,7,31
270,20160305,20,-17,67
270,20160306,23,-26,63
270,20160307,22,-23,69
270,20160308,40,9,73
270,20160309,44,21,82
270,20160310,32,-1,67
270,20160311,15,-30,52
270,20160312,26,-48,86
270,20160313,19,-37,75
270,20160314,39,-21,89
270,20160315,55,21,89
270,20160316,41,10,92
270,20160317,40,-39,104
270,20160318,57,40,87
270,20160319,59,47,73
270,20160320,63,27,79
270,20160321,68,59,82
270,20160322,73,58,99
270,20160323,67,41,97
270,20160324,68,49,90
270,20160325,64,7,93
270,20160326,89,3,148
270,20160327,85,60,114
270,20160328,84,64,116
270,20160329,70,47,101
270,20160330,61,27,100
270,20160331,58,13,101
270,20160401,67,-21,119
270,20160402,95,54,132
270,20160403,122,85,168
270,20160404,118,64,154
270,20160405,98,78,122
270,20160406,75,47,112
270,20160407,73,58,97
270,20160408,72,35,109
270,20160409,96,37,145
270,20160410,91,67,128
270,20160411,114,68,156
270,20160412,107,81,154
270,20160413,103,49,151
270,20160414,100,46,153
270,20160415,93,52,112
270,20160416,75,32,108
270,20160417,59,12,103
270,20160418,89,44,122
270,20160419,83,42,111
270,20160420,64,16,108
270,20160421,63,-20,124
270,20160422,65,22,106
270,20160423,50,12,85
270,20160424,44,10,82
270,20160425,46,14,96
270,20160426,43,13,81
270,20160427,50,19,89
270,20160428,48,3,96
270,20160429,69,33,104
270,20160430,62,5,106
270,20160501,67,-1,124
270,20160502,108,35,158
270,20160503,87,39,125
270,20160504,102,33,157
270,20160505,128,71,183
270,20160506,166,94,230
270,20160507,204,140,260
270,20160508,200,142,249
270,20160509,199,149,246
270,20160510,188,143,240
270,20160511,187,135,249
270,20160512,171,115,226
270,20160513,118,76,170
270,20160514,81,56,115
270,20160515,80,46,113
270,20160516,90,35,131
270,20160517,114,79,153
270,20160518,131,84,181
270,20160519,141,89,197
270,20160520,130,107,153
270,20160521,154,99,214
270,20160522,152,120,188
270,20160523,112,100,122
270,20160524,102,96,108
270,20160525,118,99,141
270,20160526,124,80,167
270,20160527,126,71,172
270,20160528,157,94,207
270,20160529,154,122,183
270,20160530,161,137,194
270,20160531,185,150,230
270,20160601,177,140,225
270,20160602,136,126,146
270,20160603,184,126,250
270,20160604,199,136,265
270,20160605,144,102,185
270,20160606,142,93,188
270,20160607,149,94,205
270,20160608,126,104,160
270,20160609,126,82,162
270,20160610,132,96,161
270,20160611,141,105,181
270,20160612,162,123,201
270,20160613,161,145,201
270,20160614,155,132,191
270,20160615,142,114,187
270,20160616,159,106,204
270,20160617,154,127,188
270,20160618,141,113,174
270,20160619,143,116,168
270,20160620,152,138,162
270,20160621,178,135,224
270,20160622,194,138,229
270,20160623,204,187,267
270,20160624,182,122,213
270,20160625,152,112,192
270,20160626,149,115,183
270,20160627,147,100,178
270,20160628,154,103,189
270,20160629,155,133,188
270,20160630,153,141,181
270,20160701,160,139,170
270,20160702,149,126,174
270,20160703,151,112,189
270,20160704,169,115,216
270,20160705,149,122,179
270,20160706,142,103,179
270,20160707,162,96,214
270,20160708,164,136,193
270,20160709,170,119,212
270,20160710,195,163,238
270,20160711,175,159,197
270,20160712,168,130,198
270,20160713,143,105,179
270,20160714,144,117,176
270,20160715,157,125,197
270,20160716,180,151,195
270,20160717,176,141,210
270,20160718,184,135,229
270,20160719,217,135,283
270,20160720,241,184,317
270,20160721,216,171,277
270,20160722,190,162,231
270,20160723,187,165,217
270,20160724,199,163,243
270,20160725,182,142,217
270,20160726,180,136,225
270,20160727,174,128,214
270,20160728,170,117,208
270,20160729,183,156,215
270,20160730,175,149,207
270,20160731,161,130,203
270,20160801,160,129,199
270,20160802,168,135,196
270,20160803,187,165,210
270,20160804,176,146,209
270,20160805,167,134,201
270,20160806,165,119,213
270,20160807,182,121,221
270,20160808,159,104,188
270,20160809,133,97,174
270,20160810,117,73,166
270,20160811,140,78,169
270,20160812,173,150,196
270,20160813,163,114,195
270,20160814,153,103,194
270,20160815,143,82,197
270,20160816,146,90,191
270,20160817,161,87,223
270,20160818,155,79,206
270,20160819,179,102,236
270,20160820,176,150,210
270,20160821,163,147,194
270,20160822,177,152,199
270,20160823,209,177,255
270,20160824,240,181,295
270,20160825,242,195,304
270,20160826,198,132,232
270,20160827,183,112,230
270,20160828,201,172,239
270,20160829,164,114,200
270,20160830,170,106,223
270,20160831,181,128,242
270,20160901,167,124,206
270,20160902,173,128,209
270,20160903,181,159,213
270,20160904,173,154,202
270,20160905,173,127,215
270,20160906,183,129,232
270,20160907,198,141,259
270,20160908,195,141,251
270,20160909,181,136,225
270,20160910,192,149,242
270,20160911,184,156,219
270,20160912,213,165,276
270,20160913,237,161,302
270,20160914,233,187,294
270,20160915,217,183,270
270,20160916,182,159,208
270,20160917,169,105,222
270,20160918,164,121,204
270,20160919,146,95,199
270,20160920,139,81,190
270,20160921,153,94,196
270,20160922,154,83,199
270,20160923,144,89,213
270,20160924,163,91,214
270,20160925,169,123,241
270,20160926,137,92,190
270,20160927,146,69,196
270,20160928,177,158,198
270,20160929,167,143,189
270,20160930,138,105,177
270,20161001,130,100,180
270,20161002,120,89,155
270,20161003,135,80,177
270,20161004,124,86,165
270,20161005,94,62,131
270,20161006,97,23,136
270,20161007,118,104,138
270,20161008,94,57,130
270,20161009,78,22,133
270,20161010,67,2,125
270,20161011,97,37,131
270,20161012,97,80,121
270,20161013,83,61,99
270,20161014,85,67,105
270,20161015,102,83,131
270,20161016,126,83,174
270,20161017,122,97,165
270,20161018,98,68,129
270,20161019,89,59,115
270,20161020,90,34,120
270,20161021,82,34,120
270,20161022,70,14,117
270,20161023,72,20,115
270,20161024,62,29,91
270,20161025,73,4,120
270,20161026,75,1,116
270,20161027,122,95,154
270,20161028,121,82,158
270,20161029,89,50,137
270,20161030,106,56,125
270,20161031,111,80,157
270,20161101,97,59,136
270,20161102,80,47,112
270,20161103,77,32,110
270,20161104,80,72,97
270,20161105,65,35,100
270,20161106,68,24,110
270,20161107,41,5,62
270,20161108,15,-17,33
270,20161109,25,11,41
270,20161110,19,6,33
270,20161111,19,-25,67
270,20161112,14,-13,39
270,20161113,23,6,35
270,20161114,33,-4,70
270,20161115,99,66,125
270,20161116,101,71,128
270,20161117,73,35,97
270,20161118,59,38,86
270,20161119,46,25,71
270,20161120,70,41,100
270,20161121,108,67,130
270,20161122,100,60,118
270,20161123,76,29,93
270,20161124,59,26,88
270,20161125,36,2,75
270,20161126,33,-32,87
270,20161127,58,-17,101
270,20161128,-8,-56,46
270,20161129,-19,-68,30
270,20161130,55,-13,84
270,20161201,85,68,95
270,20161202,54,-1,89
270,20161203,23,-40,84
270,20161204,-12,-62,40
270,20161205,-34,-88,35
270,20161206,-15,-85,30
270,20161207,48,20,66
270,20161208,71,44,97
380,20140101,76,46,102
380,20140102,88,61,102
380,20140103,96,52,122
380,20140104,81,60,105
380,20140105,57,34,79
380,20140106,113,74,134
380,20140107,107,90,138
380,20140108,98,75,119
380,20140109,94,54,120
380,20140110,53,27,85
380,20140111,40,7,85
380,20140112,27,-9,70
380,20140113,65,34,92
380,20140114,54,30,80
380,20140115,42,18,66
380,20140116,77,61,91
380,20140117,84,68,102
380,20140118,71,33,115
380,20140119,61,34,105
380,20140120,40,21,55
380,20140121,33,18,58
380,20140122,21,-12,52
380,20140123,27,-7,48
380,20140124,30,12,51
380,20140125,31,-8,52
380,20140126,49,37,71
380,20140127,36,17,66
380,20140128,40,22,61
380,20140129,18,0,46
380,20140130,25,-4,55
380,20140131,38,-13,83
380,20140201,63,48,76
380,20140202,47,28,88
380,20140203,36,-4,74
380,20140204,62,36,93
380,20140205,75,44,94
380,20140206,79,53,107
380,20140207,77,39,118
380,20140208,66,47,80
380,20140209,57,44,77
380,20140210,44,31,66
380,20140211,58,40,85
380,20140212,55,27,90
380,20140213,51,28,64
380,20140214,61,19,127
380,20140215,101,73,127
380,20140216,63,37,94
380,20140217,65,40,97
380,20140218,67,52,83
380,20140219,72,58,92
380,20140220,83,48,107
380,20140221,63,38,92
380,20140222,47,31,75
380,20140223,67,25,115
380,20140224,93,43,139
380,20140225,94,68,120
380,20140226,74,36,107
380,20140227,50,29,89
380,20140228,57,29,86
380,20140301,49,20,78
380,20140302,51,9,89
380,20140303,63,39,98
380,20140304,55,-8,109
380,20140305,51,1,110
380,20140306,66,-8,133
380,20140307,84,22,137
380,20140308,115,52,189
380,20140309,128,21,219
380,20140310,109,34,178
380,20140311,86,53,141
380,20140312,89,22,168
380,20140313,104,29,187
380,20140314,90,21,156
380,20140315,86,69,113
380,20140316,101,61,149
380,20140317,94,65,117
380,20140318,89,83,96
380,20140319,113,82,160
380,20140320,143,62,217
380,20140321,95,53,148
380,20140322,65,33,106
380,20140323,45,13,96
380,20140324,44,-1,91
380,20140325,46,-10,105
380,20140326,41,-6,106
380,20140327,78,1,144
380,20140328,104,20,179
380,20140329,128,35,197
380,20140330,141,60,201
380,20140331,155,96,215
380,20140401,150,96,205
380,20140402,153,68,217
380,20140403,157,94,207
380,20140404,138,119,155
380,20140405,120,81,162
380,20140406,139,76,185
380,20140407,169,128,219
380,20140408,92,60,139
380,20140409,89,31,144
380,20140410,114,43,180
380,20140411,105,63,147
380,20140412,97,30,154
380,20140413,96,53,145
380,20140414,86,31,135
380,20140415,60,19,109
380,20140416,85,-4,146
380,20140417,117,39,182
380,20140418,84,44,131
380,20140419,103,30,159
380,20140420,150,86,206
380,20140421,127,71,199
380,20140422,120,84,178
380,20140423,144,78,203
380,20140424,145,90,212
380,20140425,168,110,237
380,20140426,135,84,178
380,20140427,129,92,179
380,20140428,131,75,169
380,20140429,130,110,160
380,20140430,135,102,181
380,20140501,126,70,189
380,20140502,103,79,126
380,20140503,93,45,140
380,20140504,93,18,150
380,20140505,139,33,216
380,20140506,154,121,210
380,20140507,123,94,162
380,20140508,118,96,146
380,20140509,130,92,163
380,20140510,114,88,138
380,20140511,109,86,148
380,20140512,97,75,140
380,20140513,94,62,132
380,20140514,89,25,152
380,20140515,86,41,132
380,20140516,119,36,180
380,20140517,136,65,193
380,20140518,163,78,223
380,20140519,196,109,263
380,20140520,212,151,272
380,20140521,188,138,243
380,20140522,175,138,225
380,20140523,161,122,211
380,20140524,153,115,200
380,20140525,165,105,219
380,20140526,159,132,209
380,20140527,141,131,163
380,20140528,140,111,166
380,20140529,130,90,191
380,20140530,131,77,179
380,20140531,145,60,205
380,20140601,143,102,190
380,20140602,153,69,219
380,20140603,154,85,225
380,20140604,144,92,186
380,20140605,126,80,176
380,20140606,180,69,248
380,20140607,234,148,302
380,20140608,219,166,269
380,20140609,224,161,292
380,20140610,216,157,276
380,20140611,177,130,232
380,20140612,175,112,222
380,20140613,177,122,227
380,20140614,156,132,184
380,20140615,154,110,204
380,20140616,141,96,174
380,20140617,154,108,197
380,20140618,160,100,212
380,20140619,144,108,195
380,20140620,138,104,183
380,20140621,152,74,206
380,20140622,162,102,215
380,20140623,160,94,216
380,20140624,168,96,227
380,20140625,151,106,202
380,20140626,167,93,224
380,20140627,166,118,240
380,20140628,145,117,174
380,20140629,139,115,184
380,20140630,145,109,185
380,20140701,148,74,203
380,20140702,162,89,215
380,20140703,200,109,264
380,20140704,225,137,291
380,20140705,194,180,221
380,20140706,197,135,264
380,20140707,176,110,230
380,20140708,139,128,166
380,20140709,139,117,167
380,20140710,196,164,256
380,20140711,178,159,205
380,20140712,167,154,179
380,20140713,172,155,210
380,20140714,173,133,229
380,20140715,172,120,209
380,20140716,209,139,263
380,20140717,228,149,291
380,20140718,268,183,332
380,20140719,267,187,337
380,20140720,216,186,269
380,20140721,188,181,207
380,20140722,215,180,259
380,20140723,225,171,283
380,20140724,203,157,267
380,20140725,181,136,222
380,20140726,201,149,254
380,20140727,211,170,262
380,20140728,200,164,232
380,20140729,193,170,261
380,20140730,184,136,227
380,20140731,188,112,252
380,20140801,210,150,273
380,20140802,217,171,272
380,20140803,192,143,252
380,20140804,186,150,234
380,20140805,183,137,229
380,20140806,179,142,233
380,20140807,195,143,246
380,20140808,195,157,239
380,20140809,188,155,231
380,20140810,191,146,240
380,20140811,154,126,204
380,20140812,151,128,205
380,20140813,163,125,209
380,20140814,147,122,203
380,20140815,143,121,189
380,20140816,147,122,187
380,20140817,148,125,174
380,20140818,141,105,183
380,20140819,125,84,166
380,20140820,122,79,182
380,20140821,131,79,188
380,20140822,138,107,184
380,20140823,126,78,183
380,20140824,124,77,180
380,20140825,139,92,191
380,20140826,141,129,165
380,20140827,159,114,205
380,20140828,182,132,225
380,20140829,162,139,198
380,20140830,159,142,180
380,20140831,143,112,186
380,20140901,151,109,201
380,20140902,169,127,219
380,20140903,163,122,211
380,20140904,177,128,218
380,20140905,191,157,237
380,20140906,180,151,218
380,20140907,168,129,217
380,20140908,149,107,205
380,20140909,143,89,189
380,20140910,145,116,179
380,20140911,146,94,203
380,20140912,148,78,208
380,20140913,150,117,200
380,20140914,147,110,203
380,20140915,166,108,216
380,20140916,177,126,241
380,20140917,190,110,250
380,20140918,184,144,230
380,20140919,194,146,252
380,20140920,192,161,244
380,20140921,148,111,178
380,20140922,122,63,164
380,20140923,114,54,167
380,20140924,117,86,152
380,20140925,136,106,176
380,20140926,147,119,181
380,20140927,159,124,209
380,20140928,170,107,237
380,20140929,168,147,202
380,20140930,167,142,205
380,20141001,161,124,213
380,20141002,159,126,205
380,20141003,168,115,229
380,20141004,166,114,219
380,20141005,115,104,141
380,20141006,136,86,171
380,20141007,130,85,168
380,20141008,142,94,173
380,20141009,150,132,174
380,20141010,140,107,179
380,20141011,131,90,193
380,20141012,132,83,175
380,20141013,157,115,194
380,20141014,134,101,164
380,20141015,130,86,168
380,20141016,146,122,184
380,20141017,147,130,179
380,20141018,178,129,233
380,20141019,179,143,221
380,20141020,136,114,161
380,20141021,105,69,135
380,20141022,83,47,118
380,20141023,105,77,127
380,20141024,111,89,130
380,20141025,115,91,137
380,20141026,125,95,166
380,20141027,125,69,171
380,20141028,76,37,129
380,20141029,91,44,112
380,20141030,135,110,166
380,20141031,149,106,199
380,20141101,150,111,214
380,20141102,151,128,178
380,20141103,134,93,157
380,20141104,90,69,108
380,20141105,77,45,113
380,20141106,68,44,86
380,20141107,81,47,100
380,20141108,102,80,131
380,20141109,101,68,133
380,20141110,95,74,132
380,20141111,93,38,150
380,20141112,95,69,123
380,20141113,86,56,140
380,20141114,102,59,140
380,20141115,93,68,119
380,20141116,82,70,94
380,20141117,86,51,110
380,20141118,76,55,87
380,20141119,71,44,96
380,20141120,41,19,75
380,20141121,42,-2,88
380,20141122,89,36,150
380,20141123,124,70,165
380,20141124,70,16,128
380,20141125,40,3,74
380,20141126,58,41,76
380,20141127,71,54,81
380,20141128,61,38,96
380,20141129,36,16,62
380,20141130,19,11,31
380,20141201,26,19,33
380,20141202,10,3,20
380,20141203,-7,-15,6
380,20141204,12,-14,28
380,20141205,38,24,52
380,20141206,49,12,73
380,20141207,37,15,53
380,20141208,21,4,52
380,20141209,32,5,43
380,20141210,54,37,86
380,20141211,58,17,76
380,20141212,79,54,96
380,20141213,34,12,58
380,20141214,20,-3,53
380,20141215,38,6,49
380,20141216,51,30,65
380,20141217,69,29,102
380,20141218,112,98,122
380,20141219,85,41,118
380,20141220,57,35,76
380,20141221,60,23,78
380,20141222,93,75,112
380,20141223,100,85,110
380,20141224,76,46,91
380,20141225,42,29,66
380,20141226,31,17,47
380,20141227,14,-16,37
380,20141228,-37,-56,-16
380,20141229,6,-34,40
380,20141230,24,3,47
380,20141231,26,6,52
380,20150101,20,-15,51
380,20150102,51,23,83
380,20150103,24,4,34
380,20150104,24,-2,56
380,20150105,12,-15,40
380,20150106,16,-20,49
380,20150107,30,11,58
380,20150108,61,37,90
380,20150109,94,58,135
380,20150110,98,34,138
380,20150111,44,24,62
380,20150112,75,59,86
380,20150113,84,61,107
380,20150114,40,20,76
380,20150115,82,59,101
380,20150116,55,34,77
380,20150117,21,-7,52
380,20150118,26,-1,54
380,20150119,-2,-24,13
380,20150120,6,-12,34
380,20150121,-3,-25,25
380,20150122,-7,-18,2
380,20150123,-12,-28,0
380,20150124,6,-13,28
380,20150125,12,-20,24
380,20150126,37,17,69
380,20150127,34,11,53
380,20150128,41,14,64
380,20150129,26,3,55
380,20150130,12,-3,36
380,20150131,15,-1,34
380,20150201,16,1,27
380,20150202,11,-1,23
380,20150203,8,-9,29
380,20150204,0,-41,42
380,20150205,-18,-52,0
380,20150206,-15,-34,17
380,20150207,1,-59,44
380,20150208,34,21,49
380,20150209,39,24,53
380,20150210,46,40,54
380,20150211,30,-3,67
380,20150212,29,-19,92
380,20150213,57,-4,115
380,20150214,76,53,113
380,20150215,42,-2,92
380,20150216,22,-16,76
380,20150217,28,-11,57
380,20150218,7,-23,51
380,20150219,27,-8,67
380,20150220,55,28,70
380,20150221,32,8,61
380,20150222,30,4,67
380,20150223,42,21,90
380,20150224,41,16,76
380,20150225,36,5,59
380,20150226,66,32,98
380,20150227,44,-11,79
380,20150228,42,-14,86
380,20150301,79,49,109
380,20150302,50,15,88
380,20150303,39,15,85
380,20150304,41,13,77
380,20150305,45,13,88
380,20150306,46,9,94
380,20150307,77,25,143
380,20150308,106,35,186
380,20150309,81,54,118
380,20150310,81,14,129
380,20150311,36,-18,96
380,20150312,55,-20,124
380,20150313,49,0,89
380,20150314,32,-12,67
380,20150315,47,21,64
380,20150316,56,-2,113
380,20150317,94,6,169
380,20150318,85,29,159
380,20150319,57,47,68
380,20150320,54,27,84
380,20150321,54,31,88
380,20150322,38,-3,71
380,20150323,55,-15,118
380,20150324,67,18,104
380,20150325,51,39,64
380,20150326,52,24,78
380,20150327,63,35,103
380,20150328,82,19,117
380,20150329,99,78,115
380,20150330,76,56,99
380,20150331,90,43,120
380,20150401,62,29,97
380,20150402,55,7,89
380,20150403,57,-5,101
380,20150404,51,17,89
380,20150405,55,0,105
380,20150406,49,0,100
380,20150407,72,0,131
380,20150408,72,24,113
380,20150409,120,37,190
380,20150410,144,42,225
380,20150411,106,43,139
380,20150412,107,30,163
380,20150413,99,66,137
380,20150414,143,56,217
380,20150415,170,86,238
380,20150416,115,61,182
380,20150417,91,50,138
380,20150418,81,11,140
380,20150419,89,18,154
380,20150420,121,27,190
380,20150421,125,42,207
380,20150422,92,28,158
380,20150423,103,25,166
380,20150424,147,53,218
380,20150425,128,103,162
380,20150426,129,108,157
380,20150427,85,48,110
380,20150428,70,7,129
380,20150429,94,24,142
380,20150430,80,41,106
380,20150501,85,29,137
380,20150502,106,38,154
380,20150503,139,99,174
380,20150504,159,122,207
380,20150505,164,111,225
380,20150506,120,88,154
380,20150507,121,82,168
380,20150508,150,97,198
380,20150509,153,122,185
380,20150510,149,97,200
380,20150511,195,108,263
380,20150512,163,85,210
380,20150513,136,73,200
380,20150514,116,53,167
380,20150515,122,73,172
380,20150516,100,52,138
380,20150517,122,50,184
380,20150518,130,66,200
380,20150519,103,73,156
380,20150520,99,48,152
380,20150521,118,35,183
380,20150522,148,86,206
380,20150523,133,86,198
380,20150524,140,68,200
380,20150525,128,94,172
380,20150526,118,81,165
380,20150527,138,67,191
380,20150528,142,97,185
380,20150529,116,82,168
380,20150530,112,81,155
380,20150531,141,85,186
380,20150601,129,95,174
380,20150602,160,113,199
380,20150603,153,100,195
380,20150604,174,86,239
380,20150605,239,127,332
380,20150606,168,110,211
380,20150607,150,73,212
380,20150608,136,88,188
380,20150609,125,77,175
380,20150610,162,77,228
380,20150611,196,117,262
380,20150612,216,146,298
380,20150613,182,132,231
380,20150614,173,88,236
380,20150615,151,115,209
380,20150616,127,81,182
380,20150617,166,62,227
380,20150618,153,100,194
380,20150619,125,101,156
380,20150620,134,102,172
380,20150621,163,122,222
380,20150622,114,87,135
380,20150623,129,93,167
380,20150624,152,114,211
380,20150625,188,122,240
380,20150626,212,142,259
380,20150627,186,128,240
380,20150628,195,97,254
380,20150629,203,163,252
380,20150630,223,127,291
380,20150701,273,172,349
380,20150702,280,204,382
380,20150703,260,189,325
380,20150704,282,209,350
380,20150705,214,169,292
380,20150706,199,133,255
380,20150707,219,142,299
380,20150708,158,124,199
380,20150709,145,84,197
380,20150710,170,69,244
380,20150711,217,135,300
380,20150712,165,135,203
380,20150713,168,150,183
380,20150714,181,163,211
380,20150715,194,149,237
380,20150716,219,165,286
380,20150717,260,197,313
380,20150718,204,165,258
380,20150719,178,144,220
380,20150720,193,144,230
380,20150721,214,184,257
380,20150722,208,170,251
380,20150723,180,129,229
380,20150724,205,138,258
380,20150725,149,97,197
380,20150726,150,91,216
380,20150727,162,135,203
380,20150728,149,120,176
380,20150729,148,113,194
380,20150730,133,94,185
380,20150731,141,70,202
380,20150801,176,93,247
380,20150802,201,96,276
380,20150803,259,181,338
380,20150804,177,121,233
380,20150805,206,105,273
380,20150806,247,158,324
380,20150807,224,173,282
380,20150808,195,158,233
380,20150809,188,143,218
380,20150810,193,154,232
380,20150811,207,142,263
380,20150812,215,182,260
380,20150813,234,169,309
380,20150814,211,169,259
380,20150815,171,149,208
380,20150816,148,122,172
380,20150817,132,121,153
380,20150818,143,115,192
380,20150819,167,105,218
380,20150820,192,108,253
380,20150821,201,126,269
380,20150822,208,132,266
380,20150823,196,157,271
380,20150824,183,141,238
380,20150825,166,135,202
380,20150826,220,165,274
380,20150827,153,128,209
380,20150828,156,109,210
380,20150829,189,101,254
380,20150830,241,165,312
380,20150831,228,172,315
380,20150901,156,111,185
380,20150902,135,99,191
380,20150903,131,100,177
380,20150904,130,97,181
380,20150905,124,98,167
380,20150906,119,86,153
380,20150907,131,108,162
380,20150908,134,110,158
380,20150909,146,103,199
380,20150910,138,87,197
380,20150911,141,71,200
380,20150912,165,132,215
380,20150913,166,117,206
380,20150914,151,99,199
380,20150915,134,101,176
380,20150916,159,120,190
380,20150917,145,115,173
380,20150918,144,107,188
380,20150919,134,113,166
380,20150920,125,81,172
380,20150921,132,78,178
380,20150922,118,85,165
380,20150923,114,88,132
380,20150924,133,99,181
380,20150925,125,77,176
380,20150926,109,65,166
380,20150927,105,52,170
380,20150928,107,49,170
380,20150929,115,65,174
380,20150930,113,62,172
380,20151001,97,42,157
380,20151002,102,34,176
380,20151003,119,51,193
380,20151004,130,94,177
380,20151005,137,82,167
380,20151006,163,136,191
380,20151007,138,116,154
380,20151008,118,107,133
380,20151009,114,67,152
380,20151010,103,56,124
380,20151011,72,34,125
380,20151012,55,4,116
380,20151013,35,9,49
380,20151014,33,23,40
380,20151015,36,16,51
380,20151016,59,42,75
380,20151017,69,54,87
380,20151018,77,60,106
380,20151019,90,77,102
380,20151020,93,82,114
380,20151021,95,62,119
380,20151022,112,92,136
380,20151023,110,62,137
380,20151024,114,93,139
380,20151025,105,67,127
380,20151026,107,61,159
380,20151027,126,59,206
380,20151028,110,79,149
380,20151029,115,72,156
380,20151030,99,50,144
380,20151031,85,28,153
380,20151101,91,28,173
380,20151102,79,16,150
380,20151103,110,21,209
380,20151104,137,108,175
380,20151105,143,108,175
380,20151106,155,138,171
380,20151107,171,140,188
380,20151108,149,97,184
380,20151109,142,122,173
380,20151110,127,121,137
380,20151111,116,106,125
380,20151112,128,108,153
380,20151113,112,68,134
380,20151114,85,63,101
380,20151115,131,101,151
380,20151116,117,109,126
380,20151117,140,118,156
380,20151118,129,112,142
380,20151119,105,74,130
380,20151120,74,47,96
380,20151121,32,17,50
380,20151122,20,1,49
380,20151123,16,-10,55
380,20151124,21,6,33
380,20151125,52,33,75
380,20151126,35,5,81
380,20151127,35,1,72
380,20151128,57,34,73
380,20151129,94,62,110
380,20151130,96,76,113
380,20151201,106,86,122
380,20151202,97,74,115
380,20151203,85,68,115
380,20151204,79,53,99
380,20151205,65,49,79
380,20151206,94,53,118
380,20151207,112,96,140
380,20151208,106,83,132
380,20151209,66,46,96
380,20151210,44,28,74
380,20151211,62,36,88
380,20151212,82,58,100
380,20151213,76,61,99
380,20151214,71,41,98
380,20151215,87,59,112
380,20151216,113,93,127
380,20151217,139,117,163
380,20151218,117,105,139
380,20151219,123,104,149
380,20151220,119,103,128
380,20151221,104,90,115
380,20151222,117,103,131
380,20151223,99,71,122
380,20151224,108,68,143
380,20151225,99,72,129
380,20151226,117,94,141
380,20151227,102,75,135
380,20151228,90,38,133
380,20151229,81,50,104
380,20151230,71,41,101
380,20151231,78,57,102
380,20160101,60,36,87
380,20160102,74,48,95
380,20160103,66,44,88
380,20160104,63,39,76
380,20160105,67,43,80
380,20160106,64,48,78
380,20160107,60,41,81
380,20160108,43,24,79
380,20160109,58,24,81
380,20160110,68,41,91
380,20160111,55,32,78
380,20160112,56,44,75
380,20160113,43,16,56
380,20160114,29,13,49
380,20160115,17,6,22
380,20160116,18,-1,50
380,20160117,-12,-43,9
380,20160118,-36,-54,-4
380,20160119,-38,-80,4
380,20160120,-5,-28,10
380,20160121,4,-23,43
380,20160122,17,-22,45
380,20160123,59,40,78
380,20160124,68,36,85
380,20160125,108,73,162
380,20160126,96,86,108
380,20160127,100,85,110
380,20160128,57,15,97
380,20160129,68,20,91
380,20160130,62,25,89
380,20160131,70,34,116
380,20160201,108,99,116
380,20160202,80,50,109
380,20160203,45,30,69
380,20160204,47,23,79
380,20160205,82,22,101
380,20160206,95,74,111
380,20160207,83,60,112
380,20160208,82,66,101
380,20160209,55,22,107
380,20160210,37,24,51
380,20160211,42,21,69
380,20160212,28,-24,57
380,20160213,14,-26,42
380,20160214,18,1,29
380,20160215,9,-29,44
380,20160216,-8,-44,34
380,20160217,0,-59,43
380,20160218,22,-6,55
380,20160219,33,2,77
380,20160220,79,45,109
380,20160221,107,98,120
380,20160222,71,29,106
380,20160223,32,2,80
380,20160224,23,-15,64
380,20160225,8,-34,60
380,20160226,23,-11,53
380,20160227,26,-3,72
380,20160228,17,-19,56
380,20160229,15,-26,68
380,20160301,14,-49,59
380,20160302,56,26,95
380,20160303,31,10,70
380,20160304,31,-4,51
380,20160305,22,-4,47
380,20160306,21,-4,53
380,20160307,18,-25,49
380,20160308,18,-32,55
380,20160309,42,6,84
380,20160310,38,-25,95
380,20160311,42,-12,98
380,20160312,27,-27,86
380,20160313,36,-17,97
380,20160314,29,-15,83
380,20160315,32,-20,78
380,20160316,42,2,88
380,20160317,46,-12,106
380,20160318,23,-14,47
380,20160319,48,37,61
380,20160320,60,41,88
380,20160321,69,50,97
380,20160322,70,29,113
380,20160323,72,53,104
380,20160324,75,59,93
380,20160325,67,29,96
380,20160326,95,12,154
380,20160327,100,68,136
380,20160328,94,49,133
380,20160329,82,53,111
380,20160330,92,61,122
380,20160331,63,51,77
380,20160401,79,21,125
380,20160402,112,73,143
380,20160403,159,119,203
380,20160404,132,106,168
380,20160405,103,62,136
380,20160406,91,60,136
380,20160407,69,39,119
380,20160408,73,38,112
380,20160409,95,18,155
380,20160410,111,62,173
380,20160411,140,65,211
380,20160412,109,61,181
380,20160413,89,45,125
380,20160414,106,37,170
380,20160415,117,91,166
380,20160416,91,43,140
380,20160417,60,18,103
380,20160418,76,2,130
380,20160419,90,28,145
380,20160420,83,18,143
380,20160421,117,20,194
380,20160422,105,75,148
380,20160423,57,8,95
380,20160424,37,0,76
380,20160425,40,3,74
380,20160426,30,10,58
380,20160427,42,8,77
380,20160428,51,0,113
380,20160429,70,36,112
380,20160430,67,47,92
380,20160501,83,44,132
380,20160502,116,22,185
380,20160503,104,46,147
380,20160504,97,18,150
380,20160505,134,55,196
380,20160506,177,86,244
380,20160507,203,134,255
380,20160508,201,146,247
380,20160509,197,140,247
380,20160510,172,146,200
380,20160511,193,129,244
380,20160512,179,133,235
380,20160513,169,99,226
380,20160514,88,54,130
380,20160515,85,51,129
380,20160516,94,63,129
380,20160517,129,74,181
380,20160518,140,100,191
380,20160519,132,86,189
380,20160520,138,94,177
380,20160521,189,132,241
380,20160522,165,135,200
380,20160523,110,96,140
380,20160524,110,88,136
380,20160525,119,78,168
380,20160526,163,83,219
380,20160527,168,122,228
380,20160528,171,109,235
380,20160529,163,130,186
380,20160530,157,149,166
380,20160531,164,144,204
380,20160601,153,131,162
380,20160602,176,142,236
380,20160603,161,134,210
380,20160604,158,134,191
380,20160605,189,149,264
380,20160606,199,144,261
380,20160607,193,148,266
380,20160608,182,127,237
380,20160609,160,114,213
380,20160610,164,93,217
380,20160611,172,139,225
380,20160612,162,145,221
380,20160613,152,136,198
380,20160614,153,127,207
380,20160615,137,103,186
380,20160616,137,89,190
380,20160617,145,121,189
380,20160618,137,118,179
380,20160619,144,111,193
380,20160620,156,119,198
380,20160621,176,144,212
380,20160622,209,155,253
380,20160623,251,169,322
380,20160624,204,170,242
380,20160625,152,112,176
380,20160626,146,104,191
380,20160627,149,120,194
380,20160628,174,131,215
380,20160629,168,134,208
380,20160630,172,146,203
380,20160701,181,147,215
380,20160702,145,116,178
380,20160703,153,116,194
380,20160704,175,119,225
380,20160705,164,99,210
380,20160706,157,95,209
380,20160707,177,108,227
380,20160708,202,156,244
380,20160709,203,165,250
380,20160710,236,184,298
380,20160711,195,165,236
380,20160712,161,121,215
380,20160713,133,99,189
380,20160714,142,89,191
380,20160715,158,87,212
380,20160716,186,149,240
380,20160717,205,163,250
380,20160718,222,148,289
380,20160719,246,160,308
380,20160720,266,209,339
380,20160721,234,195,279
380,20160722,218,181,266
380,20160723,208,181,258
380,20160724,212,172,265
380,20160725,205,156,252
380,20160726,192,156,231
380,20160727,185,131,229
380,20160728,193,155,238
380,20160729,189,150,239
380,20160730,183,147,235
380,20160731,166,109,211
380,20160801,169,105,228
380,20160802,160,133,179
380,20160803,181,171,194
380,20160804,170,139,202
380,20160805,164,122,218
380,20160806,170,119,224
380,20160807,199,116,249
380,20160808,171,135,216
380,20160809,139,100,195
380,20160810,123,80,164
380,20160811,127,73,170
380,20160812,180,144,227
380,20160813,186,138,238
380,20160814,182,130,231
380,20160815,176,134,227
380,20160816,174,109,239
380,20160817,187,119,256
380,20160818,184,104,250
380,20160819,191,128,247
380,20160820,185,142,235
380,20160821,158,133,196
380,20160822,179,136,237
380,20160823,222,153,287
380,20160824,246,152,321
380,20160825,256,173,333
380,20160826,248,195,310
380,20160827,244,174,323
380,20160828,217,152,271
380,20160829,177,142,209
380,20160830,173,110,238
380,20160831,189,119,257
380,20160901,176,127,229
380,20160902,182,126,233
380,20160903,189,132,245
380,20160904,178,150,215
380,20160905,176,140,225
380,20160906,191,119,260
380,20160907,202,130,266
380,20160908,208,138,276
380,20160909,171,124,234
380,20160910,187,109,261
380,20160911,202,154,258
380,20160912,229,150,295
380,20160913,255,190,327
380,20160914,246,175,322
380,20160915,211,145,285
380,20160916,176,143,224
380,20160917,172,125,221
380,20160918,158,134,180
380,20160919,154,126,198
380,20160920,148,97,188
380,20160921,162,115,211
380,20160922,153,88,216
380,20160923,157,116,222
380,20160924,172,100,246
380,20160925,180,123,266
380,20160926,133,81,194
380,20160927,147,72,225
380,20160928,177,131,225
380,20160929,172,136,218
380,20160930,146,118,183
380,20161001,137,95,192
380,20161002,114,94,154
380,20161003,129,97,178
380,20161004,116,83,156
380,20161005,91,42,146
380,20161006,80,21,117
380,20161007,111,94,146
380,20161008,100,47,145
380,20161009,78,32,135
380,20161010,77,27,131
380,20161011,69,15,126
380,20161012,81,52,94
380,20161013,83,29,129
380,20161014,98,72,122
380,20161015,114,86,159
380,20161016,149,84,208
380,20161017,123,94,158
380,20161018,105,74,146
380,20161019,85,71,113
380,20161020,87,67,113
380,20161021,71,55,91
380,20161022,73,21,110
380,20161023,42,-14,82
380,20161024,92,65,114
380,20161025,93,84,103
380,20161026,82,57,125
380,20161027,105,71,137
380,20161028,121,111,131
380,20161029,113,66,158
380,20161030,97,51,153
380,20161031,97,41,157
380,20161101,98,52,149
380,20161102,73,49,105
380,20161103,65,44,104
380,20161104,71,46,103
380,20161105,73,57,106
380,20161106,54,37,78
380,20161107,43,26,55
380,20161108,30,7,65
380,20161109,36,19,57
380,20161110,60,28,79
380,20161111,31,3,54
380,20161112,34,-7,63
380,20161113,41,32,58
380,20161114,28,-11,51
380,20161115,75,45,102
380,20161116,113,100,123
380,20161117,105,86,121
380,20161118,72,37,119
380,20161119,60,47,80
380,20161120,104,54,140
380,20161121,131,117,144
380,20161122,108,78,128
380,20161123,97,85,127
380,20161124,80,45,107
380,20161125,42,12,79
380,20161126,46,12,69
380,20161127,43,0,75
380,20161128,4,-22,32
380,20161129,-17,-53,25
380,20161130,0,-57,41
380,20161201,37,15,56
380,20161202,59,12,86
380,20161203,-1,-34,44
380,20161204,-6,-34,31
380,20161205,6,-41,69
380,20161206,30,-19,93
380,20161207,68,25,102
380,20161208,68,48,90